4 299 191 100 60 
3 298 70 4 
3 297 77 17 
4 296 145 31 33 
2 295 81 
3 294 150 30 
2 293 131 
2 292 114 
3 291 143 113 
3 290 153 42 
2 289 89 
3 288 178 73 
2 287 59 
3 286 185 21 
2 285 62 
2 284 91 
3 283 157 26 
2 282 1 
4 281 190 124 87 
3 280 112 179 
3 279 139 10 
3 278 196 96 
3 277 181 95 
2 276 74 
4 275 135 86 5 
3 274 125 19 
3 273 152 36 
3 272 154 167 
2 271 0 
3 270 141 85 
3 269 148 35 
3 268 165 66 
3 267 119 14 
4 266 177 52 8 
3 265 189 90 
3 264 84 54 
4 263 166 38 180 
2 262 104 
4 261 136 45 2 
2 260 107 
4 259 132 43 12 
2 258 7 
2 257 55 
3 256 164 69 
4 255 169 120 13 
4 254 137 63 168 
3 253 134 58 
2 252 170 
4 251 146 82 34 
4 250 182 93 9 
4 249 158 76 6 
5 248 193 186 140 221 
3 247 106 15 
3 246 161 41 
2 245 22 
2 244 98 
4 243 151 56 23 
3 242 188 79 
2 241 103 
2 240 123 
2 239 127 
4 238 173 118 78 
4 237 174 110 11 
3 236 156 67 
2 235 155 
3 233 133 216 
3 232 92 108 
3 231 172 71 
4 230 194 122 20 
4 229 130 51 3 
3 228 183 101 
3 227 160 37 
2 226 47 
4 225 128 24 16 
4 224 171 109 57 
2 223 46 
4 222 192 126 48 
3 220 117 32 
3 219 138 25 
3 218 149 40 
2 217 105 
4 215 195 88 61 
3 214 129 50 
1 213 
2 212 65 
4 211 147 44 234 
3 210 162 28 
6 209 187 111 64 39 99 
3 208 115 53 
3 207 144 75 
3 206 159 18 
3 205 142 116 
2 204 83 
2 203 102 
3 202 184 68 
3 201 163 72 
2 200 121 
4 199 175 94 27 
4 198 176 80 29 
3 197 97 49 
