19 9999 8651 8035 7446 6950 6553 6213 5731 5443 5185 4367 3664 3324 2090 913 0 5036 4314 3496 
16 9998 9100 8576 7966 7458 5980 4252 3440 2674 2289 981 56 6338 5245 3537 2612 
17 9997 8682 8368 8103 7879 7513 7128 6846 6402 6238 4612 1118 6558 4807 4014 3461 3072 
10 9996 9121 6210 1764 797 9393 6807 6150 4326 2919 
23 9995 9496 9280 9022 8659 8209 8144 7984 7857 7570 7291 6603 6152 5252 4757 4179 3813 3676 3286 2821 2066 1545 4002 
24 9994 9577 9270 8795 8497 8346 7947 7268 6665 5817 5180 4904 4474 4040 3791 2353 1126 587 6851 5347 4219 3574 3053 3009 
24 9993 9217 9151 8832 8488 8375 8150 7787 7310 6779 6616 6005 5846 5404 5038 4001 3166 2759 899 145 6849 5158 3651 2896 
24 9992 9200 8793 8046 7605 7305 6941 6419 6209 6028 5587 5148 4927 4670 4218 3419 2725 2306 1006 143 6155 4722 3396 2745 
17 9991 9093 8678 8392 8190 7688 7334 6960 5223 1878 746 6901 5381 4307 3992 3315 2645 
26 9990 9389 8977 8531 8370 7935 7672 7237 6861 6768 6315 6183 5913 5582 5130 4738 4197 3641 3204 2423 1230 307 6694 5516 4953 3578 
13 9989 9375 9057 8697 8397 7245 6925 6520 5319 4793 2322 3635 2771 
23 9988 9442 9104 8771 8473 8226 7791 7375 7027 6755 6232 5835 5410 5126 4647 4013 3730 2987 1849 1150 60 7129 6321 
26 9987 9365 8836 8541 8164 7973 7778 7163 6914 6157 5604 4383 4057 3639 3042 2113 1916 1454 784 6457 6068 5279 4595 3958 3377 3005 
29 9986 9253 8760 8326 7863 7519 7130 6731 6471 6215 6016 5682 5327 4915 4578 4311 3920 3400 3238 2483 1961 644 6649 5263 4639 3765 3276 2906 2754 
18 9985 8886 8287 7721 7569 7404 7050 6682 6260 5852 5389 5254 3766 7229 5557 4028 3373 3163 
24 9984 9189 8888 8631 8341 7660 7195 6762 6081 5834 5493 4968 4363 3820 3131 2117 1574 944 7657 5282 4044 3418 3038 2682 
21 9983 9381 8919 8428 8282 7990 6810 5115 4462 4186 3911 2705 2574 2193 891 16 5584 4699 4481 4024 3168 
18 9982 9567 9277 8898 8557 8061 7492 7413 7019 6791 6428 6107 5886 4133 5948 5161 4493 3282 
29 9981 9168 8851 8634 8366 8133 7813 7452 6979 6638 6240 6104 5704 5289 5196 5068 4710 4373 3486 2902 1759 710 6961 5082 4503 4009 3640 3062 2652 
13 9980 9233 8986 8677 8450 8141 7833 7226 6928 6820 6517 2049 2766 
20 9979 9554 9286 9016 8774 8408 8121 7538 7286 7183 6830 6365 5596 5360 5106 4442 3870 638 3740 2909 
13 9978 9021 7998 7784 7549 7238 6879 5877 3274 2672 2007 5970 4644 
21 9977 9289 8721 8080 7527 7022 6824 6398 6221 5897 5479 4843 4563 4178 3881 3209 2223 1244 626 7936 3392 
12 9975 9547 9231 8524 8386 8088 5159 5503 4624 4060 3269 2648 
21 9974 9591 9434 9048 8379 7650 7169 6838 6545 5972 5811 5231 4746 4182 3810 2502 7028 5352 4358 3124 2876 
15 9973 9330 9113 8897 8660 8312 7804 5378 1254 722 6418 5049 4300 3675 3291 
17 9972 9370 9198 8959 8338 8219 8022 7736 7383 6625 5454 5067 3120 5027 4586 3115 2884 
24 9971 9388 9288 8763 8591 8291 8162 7887 7825 7384 6980 6744 5357 3171 2666 2211 1536 6804 5881 5511 4935 4537 3610 2959 
18 9970 9073 8814 8464 7891 6987 6323 5915 5687 5293 4900 3935 2724 2071 1095 7709 5721 3512 
25 9969 9537 9202 8854 8513 8235 7628 7388 7124 6817 6179 5782 4979 4614 3961 3659 3081 1813 932 6198 4969 4406 3564 3430 2937 
18 9968 9247 8874 8635 8348 7971 7252 6775 6235 5883 5142 4684 4446 4120 3612 2864 1998 4536 
26 9967 9559 9184 8492 8004 7802 7316 6874 6339 6249 5764 5483 5075 4721 4458 3828 3013 2411 1082 7553 5837 4713 4384 3999 3495 3300 
26 9966 9225 8623 8405 8161 8065 7386 7105 6873 6387 6188 5549 5061 4663 4222 3882 3756 3179 1478 795 7088 4980 4227 3925 3615 2850 
20 9965 9566 9347 9050 8792 8049 7665 7200 6932 6426 6001 5841 5594 5224 4518 4151 4047 3742 2709 5070 
28 9964 9358 8901 8607 8381 8037 7695 7298 6906 6666 6283 5821 4827 4408 4166 4023 3529 3128 2380 1812 1141 131 7117 5816 4833 4274 3449 2903 
25 9963 9517 9426 9038 8512 8207 7771 7194 6734 6644 5772 5380 4785 4131 3787 3378 2890 2029 1219 845 6706 6004 4355 3410 3232 
21 9962 9136 8968 7918 6234 5988 5476 5249 5105 4729 4473 4118 3801 2750 1653 1379 788 5238 4228 3316 2863 
22 9961 9323 8966 8777 8377 8127 7649 7437 7063 6872 6729 6178 5833 5512 5273 4905 4603 3702 2794 1546 5627 2719 
25 9960 9170 8482 8172 7845 7767 7092 6641 6086 5521 5280 5015 4881 4339 3558 2826 1617 910 234 7640 5971 4661 4221 3494 2601 
23 9959 9583 9402 8947 8472 8036 7658 7344 7029 6651 6347 6093 5761 5167 4804 4401 3688 3187 2182 14 5017 3776 3008 
18 9958 9449 7854 5605 5200 4893 4763 3899 2858 2152 1403 662 7711 4863 4654 3691 3129 2769 
25 9957 9400 8908 8505 8216 8151 7748 7568 7244 6972 6578 6233 5653 4754 4198 3898 2733 2280 1765 966 7329 4781 4318 4071 3654 
27 9956 9571 9172 8992 8584 8298 7955 7675 7411 7103 6842 6792 6270 5857 5384 4609 4239 3679 2843 2301 1569 756 6329 5235 4435 3632 2829 
10 9955 9357 8859 8481 7963 7606 7325 3929 3970 3216 
7 9954 7112 4317 1722 3663 3404 3066 
12 9953 9587 9143 8653 8202 7680 7353 6996 6681 6417 5983 1378 
24 9952 9473 9295 8685 8442 8176 7875 7488 7285 6759 6230 5680 5432 4919 4760 4053 3900 3322 2018 707 6069 4260 3593 2960 
22 9951 9366 8804 8561 8174 7823 7461 7068 6671 6349 5575 5140 4261 3873 3158 2583 1014 7399 4824 4539 4256 3557 
27 9950 9573 9132 8905 8632 8241 7686 7107 6962 6772 6543 6185 5878 5565 5188 4925 4521 3734 3264 2594 1811 712 6186 4989 4153 4016 3330 
22 9949 9394 8872 8351 7890 7671 7034 6733 6416 5922 5552 5372 5136 4439 3617 3183 2803 2471 1641 299 7913 3368 
17 9948 9215 9142 8806 8621 8404 8146 7872 7702 7426 7208 6917 6690 6165 5840 5091 5298 
13 9947 9459 6217 1983 1404 939 430 6029 5351 4877 3855 3157 2690 
11 9946 9511 9190 8890 5688 204 6239 4842 4094 3561 3222 
27 9945 9441 9166 8794 8555 8239 7548 7160 6863 6571 6042 5322 5022 4899 4304 4103 3931 3720 3084 2446 2083 1522 6900 5012 3902 3305 2898 
29 9944 9593 8957 8807 8567 8336 8120 7985 7617 7363 7232 6918 6668 6140 6059 5697 5492 4846 4229 3781 3382 2926 1698 1019 557 111 6567 4742 4070 
22 9943 8860 8402 6592 5073 4886 4457 4181 3683 3063 2163 1191 955 181 6002 5356 4665 4546 3859 3416 3016 2712 
22 9942 9543 9428 9133 8906 8426 7750 7423 7373 6683 6153 5896 5525 5184 4423 4067 3880 3553 2703 1936 923 4343 
16 9941 9346 8217 6518 5735 5417 4916 4774 3644 3089 2669 1680 5572 3875 3170 3079 
27 9940 9271 8893 8550 8220 7874 7645 7501 6857 6594 5923 5661 5243 5127 4850 4342 3837 3365 2658 2194 1954 747 13 5858 4098 3447 2776 
28 9939 9414 9138 8545 8123 7808 7594 7311 7171 6891 6331 5803 5555 5323 5206 4725 4283 3823 3456 2650 1526 1225 8640 5756 4566 4291 3550 2881 
29 9938 9422 9216 9092 8797 8558 8424 8180 7900 7758 7299 7035 6790 6516 5933 5741 5439 5039 4513 4243 3508 1517 144 6160 5566 4971 3963 3594 2977 
18 9937 9450 9298 8904 8454 7871 7610 6867 6480 5754 5306 4600 3769 3320 2489 1479 9256 4372 
21 9936 9327 9238 8562 8243 7943 7576 7221 6989 6505 6251 5551 5016 4183 3040 2592 1732 443 5466 5332 3245 
13 9935 9451 8320 7832 7603 7394 7071 6757 6686 3185 3946 3453 2613 
29 9934 9224 9129 9010 8714 8504 8276 7634 7150 6970 6487 6007 5804 5561 5345 4992 4438 3423 2659 2161 1304 1120 7952 6942 5287 3976 3565 3167 2649 
15 9933 9464 8982 8005 7559 7201 6854 6562 5807 5000 3598 2811 1614 1190 5193 
21 9932 9493 9063 8883 8604 8333 7707 7084 6643 6303 6148 5863 5635 5063 4434 3805 2847 1495 188 5304 4717 
18 9931 9478 9203 8788 7459 5778 5251 5215 4740 4534 4190 4039 3980 2985 2814 2177 6115 2917 
27 9930 9088 8744 8354 7981 7723 7618 7345 6990 6645 6056 5665 5264 4976 4418 3728 2925 1940 937 191 6413 5324 4266 4019 3546 3257 2949 
18 9929 9345 9058 8600 8251 7776 7536 7010 6619 6312 5768 5527 5339 4641 4241 3088 8175 2956 
25 9928 9362 8956 8620 8199 7578 7254 7018 6840 6560 5894 5257 4945 4531 4242 3695 3175 2879 1602 1180 440 5426 3499 3049 2626 
6 9927 6467 1086 9313 5137 3235 
14 9926 9379 8916 8658 8546 7528 6586 6120 5618 5059 3069 4426 3826 3311 
14 9925 8628 6812 6522 6163 5945 5708 5270 5002 4799 4188 3600 2887 3205 
16 9924 8849 8527 8249 7590 7264 7012 6615 6154 5444 3591 6026 5406 4687 3556 3227 
26 9923 9315 8934 8193 7866 7546 7261 6902 6372 5870 5311 5154 5023 4478 4199 3718 3455 2870 2133 1139 8708 5957 4858 4171 3972 3114 
23 9922 9116 8815 8371 8130 7945 7476 6869 6546 6279 5742 4952 3788 2764 2131 562 6455 5303 4515 4073 3101 2784 2619 
21 9921 8574 8195 7906 7509 7276 7048 6738 6393 6022 5813 4939 4215 3917 2922 1726 8213 6831 5307 3839 2837 
25 9920 9319 8882 8490 8156 7673 7234 6796 6677 6434 6078 5880 5340 4731 4523 3318 1718 1290 479 8406 6965 4558 4034 3910 3169 
23 9919 9437 8865 8522 8307 7816 7236 6905 6621 6237 5909 4950 4152 3100 2162 1020 107 6265 5227 4497 3865 3527 2673 
17 9918 9401 9182 8785 8476 8140 7827 7558 7025 4413 7188 6199 4920 4673 3790 3092 2654 
14 9917 9440 9307 9009 8747 8306 5666 1825 1044 9084 4645 3799 3201 3047 
16 9916 9465 9367 9049 8027 6945 6698 6368 5959 5607 5330 4588 2449 5087 4532 3188 
17 9915 9059 8780 8554 7979 7706 7106 6776 6346 5943 5496 4929 4259 4138 7929 2920 2781 
17 9914 8183 6676 6334 5884 5318 4996 3968 3503 2262 1318 8518 6466 4884 3988 3509 3155 
17 9913 8139 6266 5928 5844 5152 4795 4748 4294 3797 3164 2617 1935 73 5054 3752 2912 
26 9912 9454 8917 8752 8126 7608 7365 6963 6602 6047 5645 5268 4837 4288 3744 3335 3136 2253 1390 308 5445 4986 4293 3851 3463 3116 
31 9911 9236 8735 8409 8169 7848 7622 7182 6421 6201 5987 5937 5800 5353 4825 4402 3841 3618 3195 3034 2755 2466 2081 1356 6767 5335 4711 4299 3717 3281 2944 
23 9910 8101 6766 6158 5733 5119 5010 4817 3979 3619 3003 2273 1929 1663 317 6550 5650 5285 4398 3840 3294 2955 2856 
22 9909 9501 8918 8691 8419 8054 7759 7350 6889 6281 5763 4983 4444 3814 3525 2983 1295 6669 4733 3816 3371 3230 
18 9908 9293 8539 8288 7903 7407 7036 6639 6364 6167 5859 5266 4820 4097 3386 3080 2528 2923 
28 9907 9111 9005 8733 8400 8212 7897 7478 6958 6705 6540 6442 6161 5905 5475 4334 4095 3467 2891 2509 1969 8559 6747 5135 4550 4075 3555 2904 
27 9906 9239 8974 8656 8483 8186 7884 7544 6922 6632 6477 6313 6065 5631 5418 5141 4335 3538 3132 2629 834 447 6048 4914 4593 3949 2831 
20 9905 9582 9080 8716 8110 7919 7498 7159 6946 6566 6218 5901 5465 4750 4161 3719 3279 2484 1659 1159 
23 9904 9214 8535 8163 7988 7448 7083 6910 6087 5471 4606 3984 3764 3464 3206 2381 1577 1009 446 6529 4981 4285 3693 
23 9903 8929 8137 7441 7338 7135 6896 6389 5976 5753 5364 4918 4768 4203 3852 2699 2549 1108 6304 4775 4347 3845 3117 
22 9902 9342 9074 8871 8800 8471 7977 7693 7355 6229 3939 3431 2767 1823 224 5853 5090 4224 3732 3160 2934 2713 
20 9901 9556 9485 9137 8843 8385 8113 7543 7307 7161 6864 6464 5899 5651 5064 4420 1699 4064 3505 3119 
12 9900 9410 9053 8612 8325 7790 7453 5944 3725 3350 2469 1339 
25 9899 9413 8949 8302 7565 7480 7213 7033 6844 6672 6108 5333 5221 4723 3954 3768 3189 2668 1645 1148 8024 4855 4247 3694 2611 
23 9898 9391 9039 8516 8272 7855 7700 7554 7131 6909 6788 6326 5986 5700 5398 5019 4395 3878 3705 2819 7114 5799 4948 
21 9897 9356 8951 8515 8211 8155 7522 5973 3912 3707 3506 2965 2572 1858 1038 623 6547 3891 3482 3277 2938 
19 9896 9067 8850 8625 8171 8014 7629 7467 7006 6408 6006 5619 5117 4906 4321 2886 5366 4767 3647 
12 9895 9311 8967 6097 1367 6951 6141 4734 4007 3567 3319 2996 
27 9894 9207 8781 8602 8264 7745 7474 7297 6956 6623 6476 5947 5791 5528 5363 5202 4898 3658 3479 3048 2476 108 5182 4653 4200 3475 2741 
18 9893 9520 8038 6067 5908 5194 4847 4668 4129 3671 3327 2616 2302 1161 302 6044 4415 3292 
27 9892 9338 8985 8710 8511 8229 7793 7336 7191 7017 6667 5992 5876 5544 5436 4811 3681 2823 2249 1497 1085 7293 5856 5112 4636 3554 2695 
23 9891 9481 9124 8525 8007 7609 7358 6915 6407 6146 5747 5250 4484 4018 3517 3093 2772 2138 1377 8102 4940 4575 3833 
26 9890 9336 8684 8435 8218 7880 7415 6948 6537 6112 5408 5146 4840 4681 4292 3982 3519 2606 1805 1274 486 6670 4973 4214 3735 2783 
22 9889 9581 9320 9156 9069 8884 8547 8396 8093 7868 7762 7177 6944 6730 6504 6367 6076 5435 4622 4156 3491 5860 
22 9888 9468 9249 7747 5738 5269 5013 4933 4569 3913 3438 2210 1841 1293 667 8189 5808 4541 4125 3714 3075 2694 
19 9887 9513 9040 8722 7664 7360 6975 6855 6423 6038 5767 5431 5173 4752 4231 2995 2259 1956 4724 
13 9886 9515 8391 6451 6075 5261 4574 4389 3824 778 3621 3444 2854 
27 9885 9463 9134 8657 8203 7788 7304 6841 6468 6343 6138 5939 5786 5155 4671 4180 4037 3713 3298 1826 763 6794 5554 4675 3775 3104 2883 
20 9884 9433 8928 8831 8674 8466 8157 7895 7592 7185 7042 6554 6143 4108 9409 7401 6607 4282 3802 3145 
17 9883 9508 8923 8619 7954 7477 7272 6935 6431 5802 5122 4621 4042 3835 2951 6058 2631 
24 9882 9314 8776 8403 8063 7777 7490 7144 6866 6570 6017 5588 5305 5096 4719 4399 4082 3118 1877 927 8 6293 4114 3082 
25 9881 9538 9306 9162 8648 8308 8050 7591 7314 6637 6441 5394 4942 4092 3302 3001 1975 1212 652 7428 5818 5169 4330 3426 2846 
26 9880 9304 8695 8293 7986 7685 7504 7054 6642 6285 5545 5103 4903 4610 4032 3569 2798 2168 1608 840 140 6000 4885 4121 3409 2749 
13 9879 9186 8330 5461 3020 1573 6836 5620 5189 4587 3940 2990 2641 
21 9878 9364 8745 8055 7487 7096 6691 6383 6256 5806 5390 4994 4582 4253 3888 3309 2773 1558 413 7109 2967 
13 9877 9335 9025 8801 8496 8034 7834 7482 5513 424 3339 3078 2622 
23 9876 9387 8980 8769 8399 8070 7374 6839 6577 6378 5612 5042 4780 4543 4390 2855 1706 749 6913 4720 3474 3203 3027 
22 9875 9476 9218 8805 8279 8105 7764 7489 7235 6523 6388 5967 5646 5277 4889 4745 4281 3528 3134 1374 218 3524 
21 9874 9219 8922 8502 8237 7814 7652 7457 7165 6870 6561 6440 6109 5499 5199 4818 1948 4113 3295 3142 2614 
28 9873 9506 9240 8761 8324 8099 7851 7518 7100 6719 6497 6414 6057 5814 5658 4777 4538 3819 3240 2610 2286 1915 1064 7082 5440 4502 3821 2978 
24 9872 9109 8129 7729 7503 6981 6727 6559 6134 5737 4993 4591 4375 4322 3472 2339 1677 1279 349 6740 5050 4031 3547 2997 
29 9871 9474 8765 8479 8430 8147 7521 7258 7044 6653 6126 5758 5110 4778 4432 4140 3853 3674 3347 2554 1594 7141 6255 5009 4689 4170 3746 3130 2892 
17 9870 9334 9192 8999 8303 6964 4303 3548 2655 2255 1751 9003 5495 4937 4088 3103 2866 
25 9869 9344 9070 8762 8083 7682 7216 7024 6826 6601 6271 6224 5963 5679 4392 3806 3218 2521 2337 1028 7965 6780 6139 5124 3936 
18 9868 8469 6549 6351 6030 5836 5403 4856 4470 3649 2908 2195 1481 758 7499 6200 3981 3202 
20 9867 9309 9044 7697 5855 5526 5321 4791 4519 4305 3926 3125 2001 1059 148 5716 4544 4111 3667 3220 
21 9866 9369 8911 8571 7091 5684 5177 4878 4730 3969 3342 2849 2276 1359 341 7451 5341 4564 4167 3364 2825 
19 9865 9349 7620 6106 5600 5412 4808 4026 3737 2836 2002 1195 6711 5743 4643 3901 3261 2992 2790 
15 9864 8930 7713 7312 7143 6751 6122 5681 5399 5178 4500 2853 2435 1140 4065 
19 9863 9337 8914 8349 7878 7567 7403 6949 6590 6207 5246 4926 4727 3927 3018 2562 2130 1344 4630 
26 9862 9228 9029 8457 8064 7959 7361 7149 6764 6609 6291 5702 5442 5297 4978 4454 4162 3749 2697 1570 246 6361 5601 4686 3795 2989 
26 9861 9396 9033 8892 8314 8062 7893 7798 7322 6966 6805 6574 6131 5659 5581 5134 4226 3723 2894 2032 1074 6783 5829 5008 3967 3186 
22 9860 9462 8972 8573 8125 7846 7396 7168 6627 6010 5470 4964 4527 4175 2929 2369 1766 1488 406 8179 5593 4063 
26 9859 9392 8718 8066 7604 7333 7026 6814 6556 6462 5755 5329 4831 4526 4262 3712 3246 1091 635 7928 5712 4930 4250 3623 3196 2810 
21 9858 9072 8530 8506 8358 8026 7642 7462 7371 7081 6835 6564 5952 5726 5630 5232 4556 4015 3838 2726 1855 
25 9857 9436 9101 8692 8437 8040 7765 7510 7051 6593 6288 5831 5468 5229 4797 4351 3492 2615 1507 4 5777 5377 3808 3490 3099 
16 9856 9395 9035 8775 8491 8414 7847 7464 6436 4604 2877 6541 4290 3869 3234 2670 
22 9855 9290 8975 8334 7740 7332 7032 6696 6432 5961 5729 5534 5338 4678 4122 3700 2456 1556 298 6277 4776 4011 
23 9854 9180 8549 8077 7637 7414 7193 6697 6345 6129 5258 3998 3577 3006 2818 2080 1327 491 258 7956 5212 4482 3544 
20 9853 9479 9023 8753 7999 7600 6664 6083 5787 5501 4851 4517 4177 3061 1506 488 6296 4690 4012 3007 
18 9852 9421 9157 8965 6828 4650 4312 3960 3374 3032 2318 1712 390 6189 4873 3906 3372 2948 
19 9851 9484 8954 8462 8177 7974 7865 7517 7376 6929 5419 5080 4350 3741 2913 2136 1868 182 6252 
18 9850 9397 8782 8242 7844 7127 6833 6380 6144 5790 5430 5062 4310 3670 3361 2816 2346 3785 
30 9849 9417 9112 8997 8743 8208 7831 7450 6955 6572 6384 5850 5198 4970 4516 3762 3217 2701 2472 1410 783 7140 6381 5369 4485 3997 3645 3513 3050 2802 
24 9848 8680 8275 8012 7838 7644 7271 7008 6465 6362 5502 5029 4683 4230 3886 3581 3357 3014 2055 1354 49 6269 5100 4411 
24 9846 9276 8817 8534 8023 7635 7047 6542 6014 5504 5401 4972 4052 3346 2530 1675 818 236 7116 5748 5214 4371 3595 2910 
15 9845 9498 8998 8305 7926 7421 7015 5460 2779 2460 2091 900 6208 3874 2785 
18 9844 9588 9148 8749 8289 7960 7424 7076 6834 4995 2114 1242 9563 4872 4141 3894 3236 2735 
21 9843 8913 8356 7744 7002 6673 6534 6259 5689 5326 4567 3686 3184 2450 1418 12 5713 5219 4366 3487 2841 
17 9842 9546 9251 8056 6040 5664 4883 4490 3995 3395 3096 2638 2069 1127 86 6912 3381 
16 9841 9178 8773 6073 2807 2073 1366 831 343 6718 5663 4879 4328 4043 3242 2765 
21 9840 9574 9081 8953 8418 8138 7894 7506 6063 3872 3460 3172 2763 2094 1607 1301 685 5815 4078 3605 2844 
20 9839 9275 8867 8514 8262 7994 7942 7727 7309 6771 6583 4708 1704 1122 231 6662 4658 3757 3133 2780 
25 9838 9269 8877 8661 8018 7669 7534 6984 6611 6132 6035 5696 5066 4577 3996 3630 2806 1600 427 5866 4957 4264 3773 3085 2722 
23 9837 9456 8948 7916 7639 7331 7199 7094 6626 6072 4999 4680 4463 3825 3515 2492 796 6656 5074 4038 3579 3253 2789 
12 9836 9542 8812 8225 7899 7390 6801 6162 5669 4810 3560 2742 
13 9835 9416 8921 8662 8362 8118 7997 7279 6722 6575 6377 3046 3699 
19 9834 9445 9179 8638 8372 8236 8143 7773 6287 3928 3665 3437 3303 2416 2170 1739 860 240 3584 
10 9833 8990 8447 8222 7948 4554 4387 3573 3469 2717 
7 9832 9246 8821 8227 4522 4245 3433 
23 9831 9036 8811 8676 8478 7962 7368 7148 6859 6532 6369 5978 5564 5350 4702 4212 3252 737 6420 6003 4137 3540 2808 
15 9830 9165 8902 8458 7722 7218 6411 6018 4005 7064 4984 3867 3454 3127 2696 
28 9829 9206 8717 8439 8131 7908 7631 7367 7023 6585 6205 6095 5823 5411 5109 4771 4512 4187 4010 3417 3002 2408 1847 6843 5920 4248 3625 2935 
22 9828 9056 9028 8729 8486 8194 7623 7179 6778 6479 6299 5938 5714 5583 5216 5052 4440 4301 675 3436 3249 2702 
14 9827 9438 9108 8736 8365 8159 7655 6127 3706 2991 2428 1439 6039 2729 
20 9826 9590 9430 9292 9099 8654 8465 8090 7836 7445 7030 6845 6415 6191 5730 5316 4852 3827 437 2774 
9 9825 9523 9244 8926 8578 6881 5163 4796 4123 
14 9824 8350 6114 5590 5150 5028 4608 3934 2761 1694 1285 5868 4525 3530 
25 9823 9460 9205 8739 8259 7867 7525 7349 7152 6514 6142 5611 5220 5011 4632 4145 3716 3390 2815 1540 906 289 5732 3466 2975 
26 9822 9283 8861 8503 8092 7841 7780 7385 7055 6655 6379 5998 5692 5448 5065 4726 4284 3478 2208 1247 822 6924 5717 4119 3239 2685 
20 9821 9106 8862 8449 8098 7961 7760 6212 4530 4148 3110 2334 1520 7911 5710 4498 3921 3493 3108 2835 
10 9820 9504 6170 810 7799 5660 4944 4340 3758 3358 
18 9819 9045 8868 8357 8075 7694 7377 7057 6481 6085 5827 5210 4619 4268 3861 391 3429 2982 
20 9818 9483 7053 4535 4102 3956 3897 3441 2628 2238 1938 915 7512 6125 4867 4003 3830 3473 2900 2630 
20 9817 9150 8840 8487 8001 7717 7502 7181 6743 6555 6136 5969 4476 8477 5955 4888 4223 3570 3489 2915 
21 9816 9355 8870 8317 8187 7574 7302 7049 6714 6297 5785 5385 4902 4258 3343 2298 392 5990 5222 4507 3689 
20 9815 9282 8971 8445 8136 7892 7327 7217 7098 6709 6268 5975 4216 1258 7398 6202 4913 4058 3102 2782 
22 9814 9521 9210 9087 8813 8364 7636 7306 7080 6726 6222 5706 5020 4769 4514 3975 2860 1966 1226 8731 6031 2715 
6 9813 9301 8711 7067 5480 6875 
27 9812 9472 9197 8768 8608 8245 7807 7099 6829 6573 6060 5292 4789 4359 3690 2689 1898 1087 6658 6159 5187 4634 4159 3811 3629 3176 2662 
24 9811 9443 9274 9077 8825 8412 7822 7547 7483 6871 6596 6066 5537 4823 3933 3526 2820 1334 8703 6352 5662 4278 3411 2969 
12 9810 8996 8041 7587 7259 6732 6511 6099 5482 5053 4646 7357 
14 9809 9518 8829 8533 8223 7931 7734 7583 7249 6882 6648 6151 5991 9976 
27 9808 9448 9161 8838 8671 8252 7964 7743 7465 7289 7007 6754 6569 6401 6121 5671 5349 4700 4345 3626 3161 1300 5218 4561 4072 3351 2882 
25 9807 9340 9075 8938 8582 8361 8224 7726 7514 7243 7136 6850 6264 5770 5203 4695 4049 3511 3224 2427 1552 807 5491 3743 3199 
14 9806 9149 8920 8852 8596 6282 3380 2569 1809 540 7198 5405 4331 3751 
28 9805 9509 8500 8191 7698 7397 7038 6713 6491 6084 5822 5624 5247 4901 4553 4176 3864 2970 2022 1599 598 6822 5678 5228 5069 4396 3583 2777 
20 9804 8799 8556 8331 8106 7638 7321 7142 6784 6333 5759 5449 5271 5186 4581 3944 3387 2744 1284 4107 
15 9803 7598 5736 5392 4772 3884 2691 2454 70 5771 5433 4652 4035 3212 2972 
24 9802 9296 9051 8772 8647 8382 8030 7818 7572 7267 6770 6286 5918 5610 4977 4461 4100 3243 2120 1362 6502 5875 4830 3624 
27 9801 9103 8875 8388 7953 7593 7203 6938 6856 6660 6429 6241 5812 5104 4279 3834 3310 2459 1895 469 7005 5888 4910 4207 3896 3399 2950 
11 9800 9489 8232 7581 4649 5457 4786 4112 3331 3148 2788 
24 9799 9526 9259 9185 8937 8538 8019 7577 7175 6903 6508 6174 5930 5415 5171 4580 3028 1213 6430 5654 4055 3425 3105 2859 
15 9798 8810 8532 7950 7545 7439 7266 7000 6463 4599 1128 351 7463 5649 3098 
13 9797 9535 9110 8863 8444 8173 7454 6811 6582 6226 5847 5226 9707 
25 9796 9477 9006 8427 8258 7970 7526 7382 7151 6907 6298 6027 5776 5414 4770 4265 3446 3379 2822 2188 1452 6765 5113 4379 3362 
27 9795 9475 9241 9091 8889 8436 8017 7563 7204 6715 6223 5845 5337 5168 4220 3353 2971 2403 1972 1893 464 5636 4378 3697 3531 2817 2675 
18 9794 9316 9007 8847 8401 8011 7806 7330 6680 6257 5869 5608 5166 4868 1865 4089 3510 2768 
28 9793 9415 9267 9062 8713 8523 8228 8044 7933 7596 7326 7187 6613 6214 5592 5255 4287 3543 2770 2252 2232 2100 804 251 6206 4648 4147 3211 
17 9792 9551 9385 8842 8192 6797 4812 3953 2988 2824 2671 2222 1708 1015 6220 4048 3477 
25 9791 9412 9090 8413 8028 7624 7263 7111 6947 6382 5455 4861 4743 4391 4030 3348 2914 2593 410 6450 5099 4357 3907 3421 3149 
18 9790 9141 8702 8114 7676 7205 6847 6579 6330 5956 5589 5301 4928 4269 3643 3488 2939 3846 
26 9789 9209 8979 8734 8508 8244 7389 7087 6742 6624 6275 6064 5486 4841 4579 4158 3682 2716 2227 1646 436 6245 4213 3572 3299 2899 
27 9788 9398 9004 8912 8726 8389 7869 7400 7184 6868 6342 5723 5230 4707 4429 3916 3613 2932 2225 1144 401 6173 4714 4117 3877 3266 2687 
21 9787 9095 8529 8294 7668 7262 6930 6720 6116 5993 5750 5233 4832 4298 3871 3747 3599 2873 2550 1022 3924 
12 9786 9503 8705 8270 7821 7770 7493 7110 3064 3352 3112 2893 
17 9785 9490 9303 9001 8730 6350 3815 2918 1931 1380 263 6877 5917 4756 4453 3778 2981 
11 9784 9495 8786 8611 8355 8009 7573 7308 7085 6753 3288 
22 9783 9492 9060 8536 7996 7739 7436 6802 6469 6306 5745 5253 5037 4766 4237 3822 3355 2895 2463 1731 766 3938 
22 9782 9539 9404 8845 8319 7442 7317 6798 6483 6137 5867 5533 5098 4132 3800 3481 2481 844 5160 4494 3375 2928 
29 9781 9250 8907 8594 8461 8135 7630 6997 6858 6774 6459 6204 5924 5640 5242 4951 4627 4286 3965 3023 1467 861 314 6357 5719 4828 4101 3471 2916 
28 9780 9592 9226 9066 8858 8510 8318 8170 7586 7337 6886 6629 6460 5810 5395 4946 4765 4271 4000 3804 2618 2200 1398 452 6654 5031 3986 3054 
26 9779 9128 8943 8463 7901 7524 7256 7113 6712 6501 6225 5999 5722 5532 4956 4459 3771 3265 1661 994 6196 5541 4346 4050 3672 3334 
27 9778 9361 8994 8784 7883 7529 7273 7058 6598 6328 6276 5966 5843 5784 5438 5209 4876 4149 3755 2625 2376 1207 926 6473 4892 4679 2632 
20 9777 9343 9155 8881 8411 7662 6885 6180 5832 5489 5236 4936 3703 1798 1231 170 6119 4792 4405 3039 
21 9776 9553 9208 8746 8493 7858 7718 7378 7166 6974 6435 5950 5041 4509 3973 2865 1958 1076 82 7270 3152 
29 9775 9531 9272 8759 8373 7905 7352 6919 6652 6375 6216 6036 5889 5172 5055 4625 3964 3518 2734 2046 1669 1442 980 8395 5034 4143 3789 3329 2740 
21 9774 9486 9154 8823 8210 7949 7811 7362 5825 2946 2392 2326 1927 1425 176 6485 5695 4749 4365 3905 2646 
24 9773 9488 9083 8587 8277 7766 7431 7174 6813 6274 5197 4844 4124 3521 3349 2845 2134 7180 6182 5422 5089 4788 4194 3191 
25 9772 9115 8924 8589 8089 7803 7699 7190 6957 6699 6525 5839 5458 5083 4547 4189 3413 2872 1701 573 8204 4798 4130 3753 3154 
23 9771 9328 9153 8521 8215 7532 7125 6552 6262 6054 5796 5346 4633 4169 3480 2889 2529 1280 6503 4958 4441 3731 3036 
25 9770 9076 8084 7812 7550 7315 7090 6565 6092 5595 5259 5131 4870 4651 4061 3427 3021 2363 1616 1021 5400 4618 4020 3439 2861 
22 9769 9482 9052 8609 8256 7886 7712 7341 7043 6721 6484 6194 5677 5469 5195 5048 4542 3780 3367 59 3457 2751 
17 9768 9258 8848 8613 8384 8052 7691 7215 7065 6675 6231 5921 5728 5485 5129 4887 4666 
26 9767 9248 9195 9068 8564 8168 7941 7557 7192 7072 6678 6284 5725 5274 4805 4393 4251 3500 3095 2487 1427 5428 3893 3263 2924 2693 
25 9766 9326 9097 8575 8480 8322 7782 7248 6688 6096 5691 5207 4821 4468 3385 2564 1636 755 8675 5885 4637 3498 3231 2943 2665 
15 9765 9229 8359 7597 7167 6825 6070 5278 5084 4388 3738 2905 2517 1482 978 
25 9764 9560 9333 8742 8565 7796 7651 7301 6969 6612 6317 6169 5585 5315 4931 4640 3832 3126 2533 1705 31 4880 4456 3842 3321 
18 9763 8115 6301 5872 5765 5570 4922 4448 3812 3571 2747 1801 535 7687 5213 4744 3451 2869 
17 9762 9552 9264 9008 8668 8304 7779 6300 3978 2976 2277 1510 995 5674 3666 3445 2936 
21 9761 9348 9187 8841 8422 7485 5792 5474 4802 4041 3412 2961 2058 1413 729 8086 5487 4583 3930 3389 2828 
20 9760 8969 8438 8119 7427 6898 6510 6020 5617 5386 5032 4524 4316 3919 2743 2342 1043 6 5686 4467 
18 9759 9562 9125 9014 8833 8590 8234 7902 7420 7009 6605 6292 5968 3522 5107 4397 3646 3090 
18 9758 9453 9194 8704 7856 7585 7247 6679 6089 5935 5515 5283 4982 4369 3588 3198 2092 492 
17 9757 9576 9469 9322 8756 8233 7805 7601 7255 6878 6703 6515 5331 2911 1713 7862 4086 
24 9756 9341 9082 8453 8255 8021 7625 7288 6992 6707 6489 6453 6055 5391 4988 4735 3589 3244 2953 2604 2221 1576 835 3608 
27 9755 9027 8588 8158 7755 7560 7060 6702 6422 6195 5916 5629 5473 5328 5078 4865 4295 3796 3219 2627 1848 1115 7455 5359 4491 3772 3536 
27 9754 8688 8470 8240 7696 7369 7231 7102 6701 6322 5586 5191 4974 4489 4036 3684 3144 2488 1683 555 7877 5510 4706 4327 4206 4074 3215 
11 9753 9512 9096 8796 8423 8071 5494 762 6340 4696 4006 
12 9751 9533 9308 8754 8431 7968 7632 4759 5344 4087 3139 2787 
26 9750 9291 8791 8360 8142 7921 7434 7118 6893 6687 5895 5397 5284 4319 3860 3562 3336 3178 2243 998 6884 4871 4029 3290 2945 2714 
16 9749 9360 7516 5108 4682 4155 4079 3831 3056 1619 321 5766 5240 4819 3532 2738 
15 9748 9435 9013 8700 8087 7940 6888 6700 6636 6324 5946 5506 5147 4027 3271 
21 9747 9242 9064 8751 8451 8032 7656 7381 7061 5940 3004 2683 1807 1419 794 6735 4907 3991 3450 3070 2720 
19 9746 9359 7555 6145 5463 4779 4488 3908 3401 2813 2637 1490 1003 6663 5387 4659 3580 3267 2644 
21 9745 9424 8802 8489 8122 7714 7359 7059 6692 5707 5157 4185 3850 3662 2516 1343 99 6360 5033 4352 3669 
23 9744 9507 8709 8429 8116 7826 7425 6927 6614 5974 5734 5004 4240 3582 3415 2964 1881 1303 7864 5299 4693 4205 3045 
15 9743 9260 9031 8732 8421 7837 7654 7456 7075 5919 2410 8342 5375 4629 3065 
29 9742 9594 9325 9054 8723 8353 7980 7661 7460 6895 6684 6311 6008 5560 5244 4890 4545 4232 3458 3106 2475 1456 18 5902 4965 4080 3807 3208 2796 
14 9741 9377 6819 3407 2457 885 8509 5727 4895 4656 3856 3470 2930 2684 
20 9740 8160 6341 6118 5522 5370 4694 4306 3397 2993 2391 2145 1306 411 6412 5409 4433 3074 2706 2657 
17 9739 9467 9002 8652 8345 7828 7539 7410 7052 6496 6261 5926 5559 5334 4655 4471 4664 
26 9738 9382 9163 8978 8266 7927 7679 7073 6486 6098 5490 5239 4308 3863 3551 3035 2379 431 8310 6316 5615 4705 4400 4184 3247 3011 
26 9737 8866 8642 8109 7815 7158 6976 6509 5910 5548 5179 4598 4368 4076 3383 2968 2579 1547 1173 962 6498 5453 4839 4059 3673 3432 
15 9736 9120 8706 8551 8344 7663 7016 6630 5882 5420 4934 4329 2196 4403 3233 
29 9735 9221 8681 8499 8283 8112 7939 7551 7265 6808 6211 5965 5481 4908 4592 4234 3941 3284 3015 1795 1084 9140 5668 5300 4642 4115 3270 3141 2793 
14 9734 9378 9123 8798 8519 8394 7511 7438 6610 5416 3422 3111 2758 3197 
22 9733 9527 9086 8983 8816 8569 8328 7907 7761 7531 7422 7250 6519 6280 6025 5964 5694 5149 4698 4337 3332 2591 
17 9732 9432 9171 8828 8284 7626 7154 6728 6353 6100 5647 5383 5176 4445 3809 2445 4990 
13 9731 9065 8873 8767 8100 7860 7659 7121 6622 6376 5941 5441 9619 
31 9730 9411 9173 8989 8603 8315 7967 7915 7648 7294 7126 6760 6538 6452 5932 5519 5256 5024 4431 3857 3143 2441 1462 6756 5500 4377 4045 3879 3542 3025 2607 
18 9729 9376 8637 8260 7873 7541 7275 7134 6521 5789 5421 5208 4967 4160 3677 2827 2660 2711 
23 9728 9457 8981 8598 7995 7616 7225 7003 6581 6009 5509 4674 4083 3586 3033 2510 1001 522 7186 5535 4848 3993 3507 
26 9727 9466 9318 9030 8570 8079 7466 7123 6897 6685 6443 6243 5632 5225 4912 4370 3848 2258 1055 7471 6305 5539 4635 3843 3501 2852 
12 9726 9287 6373 1987 1039 690 7957 5060 4093 3541 3055 2731 
18 9725 9530 8006 5912 5450 5125 4691 3587 3037 2728 2490 2098 1544 869 7020 5021 3575 3147 
23 9724 9480 9164 8818 8593 8455 8253 6782 4676 4562 4276 4091 3559 2347 1939 602 6749 5602 4617 3754 3326 3194 2875 
19 9723 8378 6332 6088 5760 5531 4571 4134 3634 2830 2155 630 7224 5291 4428 3786 3585 3476 2791 
25 9722 9245 8790 8415 8153 7820 7552 7343 6988 6071 5609 5336 4755 4136 3545 3059 2544 2028 1829 1133 371 7287 6327 4528 3057 
24 9721 9429 8970 8548 8178 8053 7795 7505 7412 7219 6968 6600 5657 4897 4465 3711 2746 1744 7849 6135 4800 4496 3952 3338 
19 9720 9584 9243 8900 8443 8000 6795 4816 4662 4201 4004 3000 2800 1691 432 6128 5382 3285 2737 
11 9719 9585 8844 8383 7923 7444 5780 811 3798 3394 2760 
28 9718 9223 8925 8568 7914 7785 7470 7212 6991 6604 6246 5977 5865 5616 5093 4560 4142 3312 1909 705 7612 5751 5374 4959 4414 4105 3657 2653 
19 9717 9569 8475 7930 7066 6584 6355 5797 5317 3932 3287 2586 1952 1341 6634 4806 4297 3990 3024 
24 9716 9268 8835 8672 8010 7781 7303 7004 6617 6247 5641 5175 4565 3943 3280 2064 1088 6474 5086 4302 4008 3549 3122 2663 
13 9715 9332 9135 8595 7909 6887 4419 3273 1703 9 6745 4128 2651 
19 9714 8910 8655 8460 8196 8003 7756 7449 7207 6999 6548 5752 5313 4838 2730 5838 5437 3502 2688 
21 9713 9406 9114 8665 8369 8015 7619 7370 7211 7001 6769 6589 5854 5568 5276 5094 4573 3767 2050 1018 3616 
20 9712 9145 8646 8393 8057 7775 7418 6921 6535 6181 5484 4412 3733 2496 2019 1234 725 89 5517 2680 
11 9711 9371 8827 8537 7969 7692 7214 6940 6544 2677 2901 
17 9710 9500 9188 8891 8542 8148 7852 7507 7342 6883 6494 6203 5953 5524 5288 4941 5693 
30 9709 9235 8960 8617 8295 7975 7757 7197 6943 6853 6325 5762 4947 4718 4504 4193 3552 2598 1951 1571 882 421 8728 6356 5656 4764 4033 3459 3123 2805 
15 9708 9211 8605 7282 5606 5456 5362 5092 4480 3668 3260 2786 2317 2053 2621 
17 9706 9234 9089 8543 8095 7751 7339 7223 7037 6314 5740 5571 5139 4611 4051 3709 5001 
27 9705 9499 9159 8630 8446 8096 7708 7402 7069 6391 5900 5529 5128 4864 4362 3987 3611 2361 1665 805 6404 5699 4623 4168 3783 3359 2634 
22 9704 9374 9046 8597 8281 7934 7417 7138 6931 6799 6650 6061 5703 5217 4487 4275 3653 3094 2878 2647 1760 820 
17 9703 9519 8433 7246 6524 6371 5979 4572 971 325 7070 5628 4594 4109 3622 3354 2966 
11 9702 9439 9079 8779 8335 8085 7647 7468 3408 3077 2640 
20 9701 9383 9193 8738 8639 8583 8278 8042 7614 7479 7253 6959 6595 6302 6244 5578 3369 6438 5562 3701 
28 9700 9119 8724 8494 8128 8031 7562 7495 7354 7157 6704 6492 6358 6166 6011 5569 5407 5281 4548 2643 1360 579 7104 5045 4062 3782 3366 3159 
12 9699 9431 9094 8633 8067 7564 7433 4257 5014 4263 3748 2954 
25 9698 9405 9118 8618 8434 8033 7824 7737 7497 6995 6319 5599 5003 4466 4272 3724 3297 2013 296 7210 5626 3817 3391 3137 2710 
23 9697 9351 9043 8606 7768 7496 6986 6787 6427 6074 5462 5151 4596 4323 4173 3715 2812 1158 6475 5260 3750 3165 2718 
15 9696 9471 8963 8727 6295 3250 2624 2103 1579 33 6307 5621 3974 3420 2986 
17 9695 9461 9011 8230 7491 7220 7021 6736 6049 5577 5026 4728 3883 3563 2795 2430 3685 
19 9694 9373 9130 8853 8376 7946 7599 7077 6748 6533 6363 5637 5361 4715 4386 3448 2727 2096 1000 
11 9693 8267 6809 6539 6175 5929 5478 3272 4667 3414 3022 
16 9692 9540 8936 8390 7888 7613 6267 3876 3337 1615 301 4794 4638 4249 3174 2636 
23 9691 9354 8869 8707 8580 8104 7523 6993 6647 5809 4859 3955 3344 2704 2203 1581 1147 455 5892 4472 3592 3010 2842 
26 9690 9368 9284 8988 8650 8316 7885 7588 6880 6461 6258 6062 5893 5308 4814 4533 4135 2692 1149 136 6710 5622 4815 4477 3909 3146 
23 9689 9545 9427 9220 8927 8645 8185 8020 7728 7391 6936 6482 6242 5824 5655 5190 4736 2169 4869 4246 3885 3424 2927 
23 9688 9339 8945 8826 8616 8274 7882 7078 6580 6111 5861 5429 5368 4860 4669 4483 2623 4882 4685 3966 3241 2994 2700 
13 9687 9321 9146 8663 8134 8039 7850 7147 5906 3638 2185 4615 3614 
24 9686 8778 8468 7944 7752 7500 7196 6253 5542 5447 5058 4425 3890 3087 1923 828 566 6563 6110 4677 4202 3770 3190 2603 
18 9685 9578 8894 8750 8441 7733 7139 6904 6348 5591 5294 4672 4313 3844 3283 2775 2620 4584 
22 9684 9444 8783 8614 8340 7983 7366 7146 6618 6080 5574 5248 4597 4360 3803 3043 2312 1742 637 7156 5371 3258 
16 9683 9158 8579 8269 8045 7677 7340 6818 6551 6184 5670 5097 4813 4385 3539 3710 
27 9682 9555 9447 8984 8941 8737 8452 7951 7392 7239 6444 5927 5848 5633 5427 5164 4464 3642 2839 2101 1185 8420 6021 5343 4196 3607 3121 
17 9681 9390 9127 8789 8679 7992 7380 7280 6447 5891 4997 4417 1892 4150 3854 3534 2678 
25 9680 9273 8896 8764 8432 7898 7535 6983 6620 6172 5546 5201 5030 4660 3678 3019 2474 1585 259 5507 4704 4085 3692 3181 2633 
23 9679 9548 8701 8238 8016 7615 7086 6777 6499 6370 5580 4732 4374 3652 3223 2608 1837 1112 8292 6228 4349 3403 2933 
26 9678 9558 9144 8855 8560 8301 8132 7896 7646 7324 6994 6495 5773 5365 5138 4289 3957 3226 2421 1648 1052 7320 5237 4857 3462 3173 
21 9677 9497 8909 8297 7533 6967 6628 6187 5862 5342 4692 4508 4025 3402 2897 2331 1336 898 6053 4613 3739 
31 9676 9541 8837 8058 7870 7724 7440 7281 7074 6862 6646 6236 6094 5643 5183 5035 4712 4354 3698 2980 2723 1962 1134 526 465 7889 5425 4394 3660 3428 3051 
14 9675 9536 9265 9078 8940 8683 8184 6789 5057 4747 4333 3858 3341 247 
23 9674 9183 8939 8690 8629 8247 7701 7295 6763 6659 6113 5667 5467 5133 4701 4204 3628 3304 2676 1754 197 7108 4209 
27 9673 9386 9380 8987 8566 8343 7817 7611 7372 7162 6978 6557 6294 5949 5373 4987 4452 4338 4077 3836 3523 2514 1060 6446 5295 3951 3325 
28 9672 9363 8885 8182 7730 7443 7153 6773 6507 6386 5995 5788 5652 5543 5095 4911 4165 3763 3301 2491 1202 8950 4437 3862 3609 3370 2942 2838 
27 9671 9212 9026 8599 7720 7202 6977 6488 6289 5873 5613 5309 4954 4822 4443 4116 3514 3275 2833 2419 1821 7230 4602 4056 3648 3293 2642 
16 9670 9261 8899 8667 7912 7641 7290 6832 6374 6197 5960 5286 4896 4631 4469 2448 
17 9669 9529 9191 8755 8313 8145 7982 7666 7484 7346 5936 3497 3091 1549 960 641 3251 
16 9668 9425 9102 8887 8581 8221 7684 6433 4506 4054 2752 2165 948 6168 4450 2958 
22 9667 9534 9071 8820 8467 8214 8002 7789 7347 5648 2840 1802 616 7861 6425 5744 5192 4605 3895 3603 3356 2756 
29 9666 9564 9262 9015 8474 8363 8167 7674 7481 7292 7039 6725 5984 5623 5046 4737 4436 3650 3140 2014 1288 879 398 6164 4244 3655 3135 3058 2661 
20 9665 9257 8699 7976 7809 7170 5962 5488 5314 4955 4716 3923 3071 2540 791 7429 6034 4924 3915 3328 
27 9664 9222 8839 8300 7753 7627 6908 6445 5989 5801 5672 5413 5354 4849 4501 4174 3229 2493 1928 1397 480 8962 5642 4938 4449 3221 2639 
13 9663 9285 8822 8387 7925 7774 7575 4753 5779 5006 4195 3847 2931 
11 9662 9199 8624 8206 7678 5162 6695 5783 4853 4084 3083 
23 9661 9446 9329 9000 8687 8200 7469 6954 6800 6528 6308 6037 5558 5396 5312 4963 4341 3868 2962 1793 901 8878 3384 
26 9660 9174 8766 8507 8309 7958 7540 7313 7233 6781 6599 6385 6046 5614 5145 4576 4238 3405 2801 2597 1153 8520 6263 4966 4139 3729 
21 9659 8964 8526 8246 8111 7843 6449 6045 5842 5320 4985 4364 3633 2372 1582 6786 5698 4410 3866 3333 3031 
16 9658 9528 8741 7972 6761 4430 3620 2880 1971 1788 1542 6916 5598 4826 4559 3434 
22 9657 9532 9237 8876 8808 8231 7579 7335 6860 6512 6082 5675 5446 5181 4739 4492 3313 2310 976 7319 5101 4520 
25 9656 9470 9024 8649 8484 8286 8108 7725 7269 7172 6933 6406 5898 5056 4460 3922 3485 2848 2251 792 5887 4782 4090 3398 2947 
30 9655 9350 8958 8250 7917 7819 7735 7537 7278 7011 6758 6400 6077 5826 5423 5118 4348 3942 3177 2201 1728 1312 648 6536 5076 4270 3601 3317 2874 2686 
19 9654 9579 8073 7097 6310 5820 5523 5367 4998 4273 3889 2707 2266 919 79 7318 5018 4154 2857 
24 9653 9331 8973 8459 8165 7681 7584 7095 6746 6309 5634 4874 4407 4144 3153 2656 1350 650 6752 5603 4356 3784 3228 2941 
18 9652 9042 8626 8380 8051 7881 7494 7122 5518 3214 2998 2070 7040 5540 5043 4475 3779 2708 
28 9651 9294 8903 8323 8025 7772 7589 7155 6939 6852 6723 6320 5597 5077 4803 4551 4267 3914 3516 1899 1093 58 5890 4894 4499 4017 3138 2635 
18 9650 9232 8553 7093 4960 4486 4172 3388 2328 1278 790 429 9305 6689 5690 4208 3052 2797 
26 9649 9502 9126 8846 8601 8257 7859 7409 7089 6568 6176 5828 5567 5272 4529 3985 3162 2300 1472 679 6633 5123 4376 4046 3406 2867 
17 9648 9384 8991 8263 7786 7486 7284 6130 3962 3535 2888 1887 597 8329 5769 4628 3708 
10 9647 8952 8610 7978 7749 7209 6894 6344 5903 9847 
19 9646 9452 9324 8627 8410 8068 7794 7351 6985 6587 6397 5985 4296 1156 7119 4585 3904 3182 2921 
18 9645 9549 9230 8696 8425 8367 8047 6318 4157 3452 3113 2458 1559 9514 6493 5402 4255 3213 
17 9644 9012 8552 8107 7580 7240 6937 6640 6472 6147 5781 5638 4917 4447 3945 3207 6012 
14 9643 9487 9061 8830 8577 8290 7542 6982 6827 6359 6032 5538 5071 5954 
28 9642 8864 8285 7839 7607 7406 7260 6899 6458 6091 5904 5508 5111 4962 4741 4320 3590 2321 1903 1652 911 6024 4921 4552 4211 3977 3435 2952 
17 9641 9458 9117 8664 8448 7853 7719 7222 7041 6635 6278 5879 5644 5072 4361 3760 5310 
12 9640 9278 9034 8787 8407 8124 7840 7566 7395 7227 2664 2602 
12 9639 9423 9085 8698 8440 8268 8048 7393 7101 6527 2508 2762 
27 9638 9455 8857 8689 8265 8181 8060 7842 7405 7173 6892 6335 6019 5676 5536 5325 4762 4381 3576 2698 1204 142 6815 6101 4421 3959 2809 
12 9637 9525 9160 8915 8563 5376 5497 4404 3818 3156 2799 2732 
21 9636 9317 9041 8694 8205 7938 7715 7571 7356 7045 6920 6737 6513 5794 4991 4146 3360 2157 1261 383 7013 
30 9635 9491 9131 8961 8725 8636 8332 7689 7520 6876 6739 6597 6399 5709 5143 4616 4277 4110 3637 2792 2127 1662 1437 764 101 5701 5025 4344 3759 3030 
28 9634 9302 9032 8803 8311 7932 7683 7241 6953 6395 6250 5749 5556 5211 5102 4783 4336 3777 3484 3255 2387 1514 438 6454 5205 4555 4099 3468 
27 9633 9524 9105 8586 8154 7769 7530 7176 6803 6337 6227 5942 5795 5683 5498 5434 5007 4510 3687 2609 669 7435 5170 4607 3989 3465 2963 
19 9632 9419 9147 8770 8339 7731 7242 6396 5914 4923 3903 3296 2862 1484 7561 4862 4163 3340 2999 
30 9631 9281 8976 8528 8416 8074 8043 7746 7348 7115 6973 6608 6526 6052 5851 5079 4688 4422 4254 3726 3076 2503 1408 8149 5746 5116 4104 3323 3026 2885 
11 9630 9586 9181 8933 8540 7987 7716 4540 4758 3829 3073 
29 9629 9176 9020 8880 8615 8352 8082 7800 7277 7145 6848 6394 5958 5715 5451 5379 5051 4909 4620 4235 3887 2219 1633 1210 221 6741 5393 4836 2721 
8 9628 9575 8995 8417 7792 7508 7206 3289 
27 9627 9399 8946 8641 8337 8198 7937 7582 7387 6750 6506 6124 5550 5044 4332 3604 3060 2005 702 7704 6123 5757 5358 4225 3918 3596 3193 
12 9626 9572 9204 8955 8670 5819 295 6192 5241 4601 4096 3696 
14 9625 9266 8932 8686 8498 8069 7830 7408 6716 6043 5505 4557 2172 2957 
10 9624 9589 9418 7920 6190 2940 3722 3044 2753 2681 
13 9623 9252 7829 6117 5871 5355 4949 3012 4834 4164 3948 3345 3017 
20 9622 9300 9019 7738 6336 6050 5911 5625 4835 4380 3533 3109 2224 1575 759 265 6409 4875 4066 3237 
21 9621 9018 8495 7991 7763 7419 6823 6156 5775 5530 4961 4324 3792 3180 2202 1287 6724 4353 3661 3443 3086 
23 9620 9403 8944 8327 7922 7797 7741 7473 7274 7014 6248 5793 5275 5114 4626 4210 3259 2349 1483 757 228 8758 4784 
27 9618 9255 8931 8347 8094 7653 7178 6717 6354 6033 5874 5685 5388 5132 4416 3627 2974 2271 1445 770 6952 5576 4854 3761 3308 2979 2667 
26 9617 9213 9037 8809 8280 8076 7904 7133 6865 6490 6219 5994 5718 5348 4589 4315 3794 3248 2146 1137 8271 5424 4495 3636 3200 2736 
12 9616 9550 8166 6606 6366 6149 5864 4975 4590 4081 3504 1817 
26 9615 9568 9353 8993 8693 8273 8091 8008 7801 7257 7062 6439 6290 6102 5459 5165 5005 4751 3736 3107 2307 1562 327 4709 3602 2907 
28 9614 9310 8834 8644 8572 8013 7835 7416 6890 6693 6437 6133 5472 5153 4697 4217 3994 3727 3483 3097 2778 1991 316 7475 5724 4236 3566 2748 
15 9613 9494 8895 8248 7924 7633 7447 7296 6998 6837 6657 6588 6254 5982 9752 
28 9612 9580 9420 9175 8669 8501 8152 7876 7515 7283 7164 6674 6405 6015 5204 4790 4505 4069 3306 2542 2111 1184 590 5452 4787 4409 3849 2804 
17 9611 9557 9279 8879 8485 7783 7595 7251 6911 5997 5262 4932 4549 4325 1473 3680 3029 
16 9610 9516 9196 9139 8824 6273 3151 2832 1919 472 6456 5120 4455 3721 3150 2739 
18 9609 8673 8296 8197 7993 7670 7228 6631 6079 5981 5639 5081 4568 4126 3774 1642 6403 3442 
11 9608 9167 8740 7989 7690 7189 6530 6090 4479 1114 3606 
29 9607 9297 9122 9047 8585 8117 7732 7300 7120 6926 6806 6500 6177 5925 5464 5144 4809 4570 4451 3983 3656 2868 2329 1426 20 6424 4703 4068 3067 
22 9606 9544 9152 8666 8622 8398 8097 7754 6971 6661 6193 6013 5805 5573 3631 5996 5267 4657 4511 3947 3314 2851 
23 9605 9522 9408 9201 8935 8757 8261 8059 7705 7556 6934 6708 6448 6171 5849 5514 5302 5121 4280 3520 2575 2265 4829 
18 9604 9299 9107 8592 8201 7602 7430 7132 6821 6591 5085 1917 1080 360 6023 4773 3393 2834 
27 9603 9570 9227 8720 8254 7703 7323 7031 6531 6105 5720 5520 5040 4845 3892 3745 3192 2679 1808 1172 7810 5477 4866 4309 3568 3262 2757 
19 9602 9561 9254 8819 8188 7742 7379 7046 5907 5547 5290 4801 4382 3950 3704 3268 2067 1129 773 
20 9601 8715 8078 7710 7328 6923 6816 6478 6103 5774 5265 4943 4427 3971 3376 2499 1216 5830 3256 2605 
23 9600 9565 9352 9055 8321 7472 7056 6390 6051 5931 5563 4891 4424 4192 3937 3363 2871 2303 1586 6392 5711 4233 3278 
11 9599 9263 9169 8748 8517 8299 8029 7621 5673 3225 6410 
15 9598 9372 8942 8643 8081 7667 7137 6793 6041 5705 5047 4191 3254 2287 1880 
23 9597 9505 9098 8544 8374 7910 7364 6785 6576 6272 5951 5739 5174 4127 3041 1658 1070 362 5579 5156 4106 3597 3068 
17 9596 9510 9312 9177 8856 8719 7432 5296 2588 1758 1077 329 5234 4761 3793 3210 2973 
17 9595 9407 9017 8712 8456 8072 7643 7079 6470 5798 5553 4022 5934 5088 4021 3307 2984 
